0.27318413025709026 -0.8968524050998115 0.34788819244458546 0.00984567807571393
-0.6566183009421759 -0.17289353785164108 0.7341391090501536 0.0094151408784047
-0.3065173635013716 -0.9416400616941498 -0.13914417014307612 0.0100437639088737
0.8325590078002747 -0.47724255184808856 0.28122063444232975 0.0100982959626454
-0.35140565977987 0.31737796380375577 -0.8807867451128316 0.0101054881745033
0.003153725680080295 0.8170818936695449 -0.5765129946945907 0.010028310759718
-0.1311926204957249 -0.8701052341795936 -0.47508460065628233 0.00992500487799952
-0.7296720844250176 0.44505917764231323 0.5191348356710405 0.0100954120750847
-0.677492440522504 -0.7337489500025306 -0.05115145555157923 0.010161829024198
-0.6979592005921351 0.6701537718522743 0.25248143769583886 0.0100764797988829
0.32175817401666557 -0.11716568923632228 0.9395445059810837 0.00996151820494011
0.443083275773032 -0.06544889666892913 -0.8940881682781955 0.00934528697830507
-0.0679622364016421 0.5525832317391631 -0.8306821933952779 0.0101227572815545
-0.5970399493484244 -0.5322228317287052 -0.6002350841701183 0.0106999350683644
0.7818061907674645 0.5429956573735186 0.30648784013589697 0.0102113994226328
-0.5468744953964986 0.8325991313756658 -0.08778936562768722 0.0100683660799071
0.8710311318236027 -0.06018623263515772 0.48752680418134975 0.0100954892652319
0.8994368401705222 0.43107266270955613 -0.07203978073647826 0.0101326145429269
0.651001908938849 -0.28676283586481716 -0.7028254338914766 0.00941178748376326
0.5409158628745596 0.6034907500537683 0.5858403740697722 0.00993125489259702
-0.27495433334790476 -0.6437118072598259 -0.7141675039985352 0.0101459445651478
0.972111338142241 -0.16500402362753333 0.16665298809810133 0.00935108021821719
0.7988368360247877 -0.5985889730097653 -0.059589854849804766 0.0101263884015708
0.7768936700053882 0.282299675232971 0.5627993593359163 0.0101459620721915
-0.10649580112163888 0.688152361469471 0.717708138275895 0.0101000784980029
-0.436436021953313 0.7147659453872074 0.5464734596083316 0.00933816877349548
-0.11130267250906148 0.36069558216460984 0.9260185808607049 0.00949902746979694
0.7654533539067738 -0.4841757559625305 -0.4238572876936095 0.0101750102365475
-0.05166059825175814 -0.05480844923305375 0.997159574231195 0.0100705846998075
0.35719496721922644 -0.9339648765537985 -0.011016567392050277 0.0101370891841393
-0.8124452819339064 -0.5016595108986446 -0.2971033473191916 0.00996464798688713
0.372206927340731 0.2811656019531318 -0.8845382453675503 0.0102303348819335
0.30065171314535427 -0.4101921204734219 -0.8610174049833612 0.00996374000793937
0.026721808574733427 0.243054025987927 -0.9696446180934308 0.0100922043072158
-0.9772468027880836 0.17974943840389956 -0.11260029233510653 0.0100873596307618
0.9431054120128675 -0.2909884019320687 -0.1608661921382492 0.0102305266636394
-0.28356339623322707 0.8910444624660647 -0.3544454347642804 0.0101903702800617
0.41915128069113067 0.9008384287677293 -0.11314737800883183 0.0100092193285736
-0.6348475657663888 0.3862476376981791 -0.6691646513475341 0.0101083012381144
0.6310524278507927 -0.04685014381552888 0.7743241552012208 0.0100531707617585
-0.5017506460780313 -0.7780995487186867 -0.3778986391137898 0.0101737576871489
0.25653976554191205 -0.8622919956630758 -0.43662325053882667 0.0101362106488559
-0.4294192200135394 -0.8850975828364627 0.1794474918744049 0.0101496695865803
-0.6570505663597094 0.1764044762783028 0.7329161029717952 0.0102052616122699
-0.33410264455639854 -0.29696526088432734 0.894531752778136 0.0100320349853758
0.4868032680657584 0.8264541986438609 0.28283570450781303 0.0099736991284751
0.16832792036268124 0.9736235450858037 0.15402241291749313 0.0100128989908475
0.27361527051984935 0.6017536971344195 -0.7503513655104569 0.00989357098105331
-0.7776135927220107 -0.23391590476856053 -0.583609843911386 0.0101251549507654
0.9510590278168181 0.21289543341403713 0.22396932834559782 0.010062026142767
0.10067964819562747 -0.6828797885702511 -0.7235598128706805 0.0100770798130167
-0.8461626230063375 -0.31406673005117997 0.43054721518318306 0.0100520519025117
0.5666983868799348 -0.779338552196584 -0.26736559121886244 0.0099477751756431
-0.985609753456831 -0.08007328507365553 0.14886800498521463 0.0101477231216318
0.6004395749898768 0.4728328119729828 -0.6449042166924465 0.0101449872481678
-0.9211343102358976 0.3195707477452567 0.2222298802856508 0.0101568196223784
0.6954822534947664 0.7185158995099776 0.00627193950934966 0.0100587626706682
-0.9017551642344758 -0.427855627003444 0.06145881725141731 0.0100663766431241
-0.8793884077125235 0.053474525435341175 0.47309248938267645 0.0101504765021395
-0.057944617310115215 -0.9827609159665841 0.1755659516344357 0.00997440498064571
-0.60968660571229 0.6831641357711021 -0.4019564732793215 0.0100643386640836
-0.37236795004120277 0.07641441922312955 0.9249340226831881 0.00968251720316717
0.09535347966993393 0.9621376526360369 -0.2553406573478892 0.0099796300374126
0.38282665369303653 0.7971852935639017 -0.46683975939033723 0.0101621544960557
0.22458815799568327 0.5563694291606688 0.800008260947059 0.0101552981011268
0.19145701488362132 -0.6906183742940256 0.6974170004662417 0.0100764439890208
-0.09124316218056841 -0.3980538188843379 -0.9128131477070678 0.0101067733506651
0.5245061519808253 -0.6745808333449979 0.5194554801114678 0.0100780371299966
-0.452666676922447 -0.30165475939201714 -0.8391050504794577 0.010003052870321
-0.8627689103617813 0.08870986849386137 -0.4977553279925253 0.0100208925478416
-0.40107670269014856 0.8859871686012857 0.2327320683384113 0.0104652205209306
-0.7090583367904754 -0.633399046748476 0.3099063126269717 0.0100722295661397
0.6893541055848506 0.6386912214659817 -0.34185441453285786 0.0100578133114353
-0.5703066011325127 -0.5002145274503405 0.6515641236534695 0.00929838958713191
-0.09460007884966631 0.9082858346129425 0.4075140092353969 0.0101503340584658
0.4256010975938364 -0.4258075630348924 0.798468299301361 0.010101465533328
-0.16432739466132248 0.9863573196701443 -0.009784952577852089 0.00939487010913529
0.5139200700289905 0.2966756209664252 0.8049035579158434 0.00965208120771132
0.7161478053069072 -0.3673271758565186 0.5934669888303599 0.0101517322346369
0.6980186095540379 0.11767681639593042 -0.7063442415700478 0.0101082694071259
0.2249789774021012 0.8152572027996579 0.5336104881000582 0.0101315887893216
-0.05871162625928089 -0.8599038079960617 0.5070684233275258 0.00934248425976517
-0.8255328238244511 0.5618424981090975 -0.053184246793168584 0.0100741561367204
0.8788867727015195 -0.09482652295299511 -0.4675103970126791 0.0101469257553692
0.987374793770201 0.07805408243636709 -0.13783532508856286 0.010099481666968
0.053861750312947716 -0.9848263759715611 -0.16497248571791312 0.0101801079693603
-0.258560316664052 -0.026730631637138364 -0.9656252047139537 0.0100222270620356
-0.19642458084820805 -0.6105869783436214 0.7672033145886504 0.0101090858719817
0.47855839318271504 -0.6239332348336267 -0.6178099892235672 0.00975961424470637
0.10378678071720752 -0.10385997329449857 -0.9891619736401235 0.0101367501841114
-0.9581714293113414 -0.17130191044255372 -0.22926658616159595 0.0101462302482698
0.8584962845666252 0.29543754694403446 -0.4191667749726732 0.00981948833412772
0.6071996225769354 -0.7726520803077407 0.1852495104947592 0.0101384571208713
-0.4225797952756083 0.45288988545529735 0.7850586400244969 0.00938048170654588
0.20512444364336488 0.2154440292961019 0.9547291934683156 0.00994082090042442
0.0569903556565163 -0.39960195585376 0.914915502240504 0.0100636550936049
-0.607752976089733 0.03593313248409221 -0.7933127567636571 0.00936989631131086
-0.360581077715419 0.6610026835147511 -0.6580704664242916 0.0102283963747321
-0.4006355596564813 -0.7688204159372487 0.49840376842156175 0.01010340244898
-0.8371177397269078 0.4076982491042634 -0.36471362397342794 0.00968944123894675
